2000
101513928 491705403
145174065 927612902
734575197 749698585
84420923 548233366
294702567 374344042
801979801 53999930
137806862 477171086
937477083 141616123
749241873 752392754
521595368 760313750
89018454 998898813
937477083 780695787
184803526 984210011
653377372 374344042
608413784 356426808
336465782 805750846
137806862 760313750
233665123 374344042
42999170 84353895
982906996 760313750
635723058 585990363
656478041 264095059
859484421 40651432
137806862 141616123
827336326 264095059
982906996 805750846
861021530 548233366
42999170 780695787
726956428 433925856
135497281 433925856
801979801 100661312
859484421 998898813
734575197 356426808
135497281 548233366
861021530 998898813
424268979 477171086
184803526 317097467
973594323 610515434
412776091 264095059
125898166 469348093
336465782 469348093
278722862 939819582
129566412 843993367
84420923 463480570
89018454 956297538
859484421 939819582
726956428 927612902
521595368 889947177
756898537 159126504
145174065 918502650
635723058 927612902
656478041 374344042
135497281 975960377
135497281 610515434
911759955 469348093
59961392 141616123
756898537 984210011
145174065 889947177
101513928 943947739
42999170 927612902
135497281 760313750
135497281 469348093
608413784 603570492
59961392 889947177
89018454 892066600
135497281 376710096
628175011 585990363
861021530 159126504
59961392 805750846
726956428 749698585
937477083 317097467
129566412 945117276
59961392 330573316
827336326 330573316
125898166 585990363
145174065 491705403
131176228 760313750
572660336 984210011
521595368 356426808
59961392 632621728
511702305 477171086
89018454 780695787
937477083 585990363
656478041 752392754
294702567 548233366
294702567 889947177
635723058 984210011
84420923 610515434
973594323 433925856
149798315 855636226
749241873 491705403
656478041 36140794
973594323 264095059
135497281 780695787
59961392 411549675
937477083 945117276
59961392 477171086
859484421 956297538
294702567 376710096
911759955 984210011
468703135 892066600
369133068 53999930
135497281 892066600
914544918 84353895
315634021 548233366
801979801 548233366
726956428 956297538
35005211 330573316
125898166 943947739
726956428 709393584
294702567 585990363
635723058 632621728
656478041 84353895
233665123 585990363
982906996 463480570
369133068 141616123
89018454 752392754
135497281 374344042
145174065 84353895
937477083 463480570
756898537 632621728
914544918 927612902
511702305 84353895
135497281 943947739
628175011 927612902
914544918 610515434
412776091 548233366
734575197 84353895
827336326 975960377
294702567 610515434
38664368 376710096
131176228 159126504
294702567 317097467
734575197 760313750
137806862 610515434
101513928 463480570
726956428 84353895
145174065 141616123
726956428 100661312
511702305 943947739
608413784 843993367
412776091 330573316
233665123 141616123
756898537 760313750
861021530 918502650
145174065 411549675
84420923 376710096
756898537 927612902
572660336 780695787
278722862 40651432
369133068 805750846
635723058 889947177
468703135 943947739
369133068 610515434
125898166 752392754
827336326 474612398
294702567 632621728
184803526 975960377
937477083 984210011
315634021 780695787
294702567 141616123
137806862 411549675
521595368 330573316
468703135 709393584
294702567 855636226
914544918 975960377
42999170 463480570
859484421 805750846
982906996 317097467
145174065 945117276
294702567 159126504
35005211 548233366
89018454 411549675
656478041 939819582
369133068 100661312
572660336 892066600
827336326 752392754
137806862 998898813
35005211 918502650
84420923 477171086
653377372 610515434
129566412 984210011
937477083 892066600
973594323 843993367
756898537 356426808
35005211 632621728
635723058 610515434
656478041 411549675
125898166 100661312
749241873 984210011
125898166 927612902
129566412 780695787
369133068 945117276
129566412 474612398
914544918 956297538
726956428 36140794
734575197 376710096
656478041 843993367
125898166 264095059
184803526 548233366
131176228 984210011
468703135 855636226
424268979 264095059
89018454 40651432
859484421 159126504
511702305 433925856
468703135 548233366
511702305 491705403
412776091 356426808
468703135 603570492
726956428 53999930
608413784 918502650
131176228 927612902
38664368 975960377
145174065 264095059
521595368 998898813
145174065 709393584
89018454 100661312
84420923 927612902
973594323 1100543
101513928 40651432
149798315 376710096
726956428 548233366
861021530 36140794
911759955 1100543
89018454 945117276
38664368 100661312
937477083 752392754
973594323 918502650
145174065 749698585
125898166 610515434
278722862 610515434
125898166 548233366
608413784 956297538
294702567 474612398
129566412 264095059
572660336 760313750
149798315 892066600
653377372 892066600
369133068 975960377
149798315 141616123
233665123 975960377
572660336 945117276
42999170 843993367
42999170 892066600
184803526 411549675
521595368 1100543
635723058 548233366
628175011 159126504
315634021 53999930
137806862 918502650
656478041 356426808
315634021 159126504
101513928 760313750
734575197 433925856
149798315 36140794
511702305 603570492
911759955 927612902
734575197 1100543
278722862 585990363
424268979 36140794
233665123 100661312
628175011 374344042
131176228 585990363
656478041 918502650
801979801 469348093
184803526 330573316
628175011 998898813
756898537 805750846
572660336 998898813
369133068 330573316
521595368 945117276
149798315 356426808
424268979 632621728
38664368 939819582
129566412 469348093
982906996 330573316
294702567 411549675
801979801 463480570
137806862 843993367
35005211 610515434
59961392 374344042
511702305 709393584
914544918 100661312
38664368 855636226
184803526 998898813
59961392 53999930
89018454 264095059
336465782 141616123
38664368 317097467
149798315 264095059
756898537 53999930
129566412 632621728
135497281 855636226
369133068 984210011
137806862 100661312
369133068 469348093
38664368 40651432
42999170 956297538
628175011 491705403
521595368 469348093
827336326 855636226
137806862 855636226
89018454 53999930
101513928 330573316
982906996 984210011
129566412 40651432
145174065 780695787
749241873 610515434
468703135 491705403
294702567 330573316
827336326 709393584
278722862 356426808
336465782 984210011
734575197 632621728
129566412 975960377
38664368 752392754
89018454 805750846
749241873 975960377
656478041 984210011
101513928 956297538
278722862 943947739
315634021 40651432
369133068 632621728
412776091 1100543
233665123 548233366
369133068 939819582
59961392 943947739
369133068 40651432
84420923 889947177
101513928 918502650
653377372 474612398
184803526 632621728
937477083 927612902
914544918 998898813
749241873 632621728
369133068 411549675
734575197 477171086
412776091 317097467
859484421 53999930
756898537 330573316
914544918 889947177
89018454 477171086
511702305 889947177
635723058 603570492
145174065 610515434
801979801 632621728
84420923 53999930
149798315 939819582
35005211 477171086
137806862 469348093
859484421 752392754
369133068 780695787
137806862 548233366
125898166 805750846
233665123 477171086
135497281 805750846
973594323 548233366
861021530 943947739
149798315 918502650
315634021 843993367
827336326 984210011
734575197 889947177
635723058 805750846
35005211 855636226
511702305 264095059
734575197 943947739
412776091 141616123
827336326 956297538
131176228 141616123
59961392 376710096
369133068 603570492
294702567 984210011
369133068 855636226
278722862 956297538
129566412 356426808
38664368 984210011
861021530 40651432
861021530 603570492
608413784 945117276
982906996 356426808
628175011 1100543
149798315 1100543
59961392 843993367
749241873 760313750
125898166 474612398
278722862 477171086
572660336 463480570
101513928 984210011
911759955 998898813
129566412 943947739
294702567 469348093
749241873 141616123
149798315 889947177
129566412 330573316
468703135 939819582
35005211 433925856
412776091 843993367
827336326 548233366
131176228 855636226
59961392 84353895
521595368 548233366
628175011 610515434
726956428 998898813
653377372 548233366
861021530 855636226
734575197 585990363
635723058 100661312
801979801 927612902
412776091 780695787
521595368 749698585
653377372 805750846
827336326 603570492
137806862 374344042
937477083 843993367
315634021 84353895
412776091 376710096
653377372 752392754
278722862 780695787
42999170 376710096
294702567 709393584
653377372 956297538
101513928 805750846
278722862 141616123
628175011 317097467
35005211 53999930
756898537 585990363
149798315 956297538
145174065 975960377
756898537 610515434
608413784 752392754
608413784 53999930
35005211 843993367
726956428 474612398
35005211 36140794
315634021 603570492
937477083 749698585
369133068 892066600
653377372 939819582
294702567 433925856
656478041 548233366
38664368 84353895
468703135 1100543
125898166 433925856
937477083 469348093
973594323 805750846
101513928 945117276
315634021 477171086
982906996 780695787
336465782 264095059
145174065 956297538
424268979 159126504
42999170 40651432
511702305 585990363
137806862 40651432
827336326 84353895
914544918 1100543
184803526 752392754
125898166 53999930
749241873 40651432
911759955 100661312
635723058 374344042
982906996 100661312
608413784 889947177
937477083 998898813
734575197 411549675
184803526 491705403
749241873 918502650
233665123 927612902
315634021 945117276
911759955 709393584
937477083 374344042
145174065 855636226
135497281 463480570
914544918 477171086
756898537 943947739
336465782 491705403
149798315 463480570
801979801 474612398
911759955 330573316
859484421 376710096
749241873 585990363
827336326 36140794
131176228 53999930
914544918 411549675
129566412 1100543
315634021 956297538
827336326 433925856
131176228 975960377
653377372 984210011
184803526 433925856
653377372 84353895
656478041 956297538
315634021 943947739
101513928 36140794
749241873 53999930
628175011 943947739
749241873 463480570
294702567 939819582
635723058 855636226
468703135 610515434
521595368 892066600
131176228 469348093
315634021 984210011
149798315 805750846
233665123 159126504
726956428 975960377
521595368 100661312
859484421 356426808
608413784 469348093
608413784 548233366
973594323 84353895
131176228 780695787
982906996 264095059
42999170 709393584
149798315 100661312
861021530 141616123
35005211 943947739
859484421 433925856
149798315 433925856
369133068 760313750
827336326 100661312
653377372 356426808
145174065 374344042
911759955 374344042
635723058 317097467
84420923 984210011
129566412 892066600
145174065 53999930
38664368 374344042
129566412 956297538
294702567 264095059
89018454 603570492
424268979 463480570
149798315 585990363
89018454 760313750
734575197 330573316
468703135 330573316
412776091 469348093
42999170 469348093
911759955 36140794
89018454 975960377
131176228 548233366
101513928 411549675
628175011 752392754
412776091 998898813
982906996 548233366
521595368 943947739
89018454 632621728
315634021 892066600
861021530 610515434
131176228 491705403
635723058 474612398
973594323 943947739
336465782 749698585
468703135 632621728
129566412 411549675
914544918 805750846
424268979 975960377
125898166 892066600
801979801 805750846
608413784 463480570
468703135 411549675
635723058 892066600
38664368 889947177
84420923 585990363
937477083 709393584
468703135 918502650
628175011 892066600
756898537 463480570
859484421 892066600
184803526 843993367
726956428 939819582
973594323 892066600
294702567 892066600
521595368 376710096
84420923 939819582
521595368 317097467
973594323 632621728
973594323 749698585
726956428 1100543
801979801 752392754
749241873 159126504
801979801 433925856
125898166 491705403
749241873 264095059
859484421 855636226
859484421 918502650
424268979 84353895
468703135 998898813
84420923 709393584
726956428 585990363
278722862 159126504
42999170 632621728
521595368 159126504
801979801 855636226
369133068 463480570
608413784 760313750
635723058 356426808
756898537 477171086
278722862 760313750
149798315 943947739
137806862 805750846
137806862 892066600
468703135 356426808
653377372 100661312
749241873 889947177
59961392 749698585
628175011 40651432
608413784 84353895
801979801 411549675
125898166 477171086
653377372 943947739
726956428 610515434
749241873 1100543
294702567 780695787
726956428 843993367
135497281 317097467
42999170 889947177
336465782 939819582
129566412 603570492
125898166 40651432
125898166 159126504
424268979 945117276
861021530 585990363
511702305 752392754
42999170 548233366
801979801 84353895
656478041 159126504
635723058 53999930
653377372 749698585
628175011 939819582
635723058 84353895
827336326 918502650
914544918 780695787
982906996 943947739
801979801 945117276
125898166 945117276
184803526 780695787
131176228 805750846
749241873 548233366
749241873 956297538
89018454 356426808
628175011 463480570
468703135 100661312
653377372 709393584
35005211 84353895
294702567 918502650
511702305 975960377
726956428 264095059
861021530 477171086
756898537 843993367
137806862 984210011
608413784 159126504
982906996 610515434
756898537 264095059
315634021 36140794
756898537 780695787
914544918 264095059
278722862 317097467
101513928 939819582
914544918 317097467
89018454 474612398
801979801 918502650
278722862 264095059
336465782 760313750
84420923 1100543
233665123 317097467
149798315 40651432
801979801 975960377
145174065 998898813
294702567 603570492
369133068 998898813
749241873 939819582
412776091 477171086
278722862 330573316
101513928 469348093
424268979 317097467
982906996 376710096
89018454 84353895
511702305 1100543
59961392 610515434
635723058 40651432
38664368 36140794
412776091 709393584
233665123 84353895
424268979 984210011
84420923 998898813
412776091 927612902
656478041 141616123
125898166 36140794
131176228 632621728
749241873 356426808
653377372 477171086
38664368 998898813
424268979 411549675
336465782 411549675
635723058 159126504
656478041 433925856
572660336 141616123
801979801 491705403
101513928 603570492
973594323 474612398
135497281 141616123
315634021 927612902
572660336 855636226
973594323 855636226
35005211 752392754
726956428 632621728
726956428 918502650
656478041 330573316
982906996 889947177
137806862 927612902
749241873 411549675
973594323 411549675
653377372 40651432
145174065 159126504
336465782 40651432
749241873 805750846
137806862 264095059
42999170 141616123
137806862 632621728
84420923 141616123
89018454 548233366
131176228 36140794
656478041 780695787
137806862 433925856
184803526 376710096
84420923 760313750
635723058 998898813
982906996 491705403
608413784 610515434
468703135 53999930
315634021 749698585
511702305 330573316
608413784 892066600
125898166 984210011
521595368 918502650
294702567 53999930
734575197 975960377
859484421 984210011
608413784 477171086
982906996 892066600
412776091 463480570
89018454 843993367
861021530 317097467
84420923 945117276
149798315 374344042
635723058 376710096
424268979 780695787
131176228 474612398
84420923 491705403
756898537 752392754
145174065 939819582
424268979 610515434
135497281 918502650
734575197 780695787
982906996 998898813
145174065 805750846
278722862 892066600
827336326 749698585
734575197 603570492
336465782 603570492
424268979 100661312
982906996 40651432
184803526 943947739
412776091 374344042
145174065 943947739
656478041 40651432
145174065 752392754
149798315 632621728
572660336 548233366
131176228 463480570
412776091 939819582
608413784 975960377
278722862 36140794
608413784 939819582
125898166 463480570
59961392 356426808
521595368 939819582
973594323 975960377
125898166 374344042
914544918 330573316
653377372 975960377
131176228 889947177
861021530 1100543
914544918 603570492
278722862 855636226
129566412 36140794
125898166 780695787
973594323 356426808
101513928 780695787
914544918 843993367
572660336 603570492
801979801 1100543
137806862 330573316
294702567 752392754
336465782 84353895
734575197 463480570
59961392 317097467
42999170 53999930
149798315 603570492
184803526 610515434
628175011 264095059
572660336 84353895
42999170 855636226
145174065 463480570
982906996 53999930
101513928 998898813
59961392 433925856
369133068 918502650
914544918 463480570
369133068 36140794
756898537 945117276
572660336 889947177
756898537 603570492
734575197 984210011
233665123 939819582
656478041 892066600
653377372 469348093
315634021 610515434
278722862 469348093
137806862 709393584
468703135 159126504
84420923 100661312
129566412 855636226
635723058 477171086
911759955 945117276
131176228 84353895
131176228 330573316
656478041 889947177
734575197 100661312
859484421 374344042
608413784 585990363
734575197 374344042
315634021 939819582
424268979 943947739
801979801 603570492
35005211 760313750
233665123 918502650
749241873 330573316
125898166 330573316
101513928 477171086
89018454 36140794
801979801 998898813
135497281 945117276
131176228 998898813
973594323 603570492
937477083 40651432
734575197 548233366
653377372 141616123
412776091 36140794
468703135 889947177
982906996 843993367
635723058 760313750
424268979 356426808
749241873 433925856
801979801 709393584
911759955 956297538
734575197 843993367
149798315 159126504
861021530 889947177
827336326 1100543
412776091 585990363
89018454 939819582
635723058 749698585
369133068 264095059
145174065 317097467
315634021 491705403
511702305 374344042
756898537 374344042
84420923 918502650
101513928 474612398
982906996 945117276
125898166 889947177
336465782 610515434
278722862 918502650
827336326 374344042
369133068 159126504
937477083 975960377
145174065 356426808
628175011 760313750
608413784 36140794
315634021 264095059
734575197 927612902
861021530 100661312
145174065 984210011
468703135 264095059
982906996 927612902
572660336 632621728
59961392 40651432
35005211 892066600
608413784 433925856
749241873 317097467
734575197 998898813
608413784 374344042
734575197 469348093
184803526 956297538
734575197 264095059
572660336 264095059
572660336 330573316
336465782 752392754
84420923 317097467
521595368 956297538
827336326 943947739
656478041 998898813
125898166 975960377
59961392 975960377
38664368 264095059
336465782 892066600
42999170 945117276
315634021 709393584
521595368 610515434
184803526 53999930
572660336 159126504
184803526 463480570
233665123 36140794
511702305 749698585
135497281 889947177
859484421 585990363
125898166 956297538
89018454 610515434
914544918 36140794
628175011 632621728
84420923 780695787
424268979 855636226
937477083 159126504
914544918 984210011
315634021 411549675
129566412 610515434
861021530 474612398
369133068 889947177
734575197 805750846
973594323 376710096
572660336 975960377
511702305 317097467
131176228 433925856
184803526 855636226
137806862 780695787
35005211 749698585
412776091 918502650
59961392 752392754
84420923 603570492
129566412 918502650
84420923 36140794
801979801 956297538
756898537 1100543
749241873 469348093
38664368 548233366
84420923 159126504
937477083 943947739
412776091 752392754
982906996 749698585
145174065 376710096
42999170 474612398
911759955 939819582
38664368 474612398
511702305 843993367
656478041 943947739
914544918 474612398
42999170 975960377
468703135 749698585
726956428 40651432
278722862 752392754
521595368 474612398
608413784 40651432
101513928 141616123
42999170 760313750
145174065 585990363
369133068 749698585
827336326 843993367
911759955 491705403
294702567 760313750
42999170 939819582
131176228 477171086
749241873 927612902
89018454 330573316
801979801 943947739
315634021 855636226
149798315 998898813
756898537 998898813
911759955 610515434
315634021 752392754
756898537 411549675
38664368 603570492
656478041 760313750
233665123 463480570
468703135 317097467
184803526 374344042
511702305 356426808
608413784 632621728
294702567 975960377
511702305 474612398
937477083 603570492
278722862 927612902
184803526 918502650
336465782 780695787
756898537 892066600
233665123 474612398
135497281 40651432
131176228 843993367
521595368 843993367
973594323 477171086
38664368 632621728
937477083 36140794
135497281 84353895
756898537 855636226
801979801 892066600
726956428 805750846
511702305 855636226
129566412 805750846
42999170 749698585
628175011 603570492
973594323 36140794
653377372 1100543
756898537 709393584
137806862 749698585
635723058 411549675
827336326 376710096
135497281 411549675
131176228 956297538
859484421 603570492
336465782 855636226
653377372 760313750
937477083 376710096
749241873 603570492
424268979 805750846
42999170 752392754
468703135 477171086
653377372 889947177
278722862 376710096
656478041 749698585
137806862 36140794
982906996 374344042
135497281 491705403
656478041 855636226
608413784 376710096
656478041 805750846
911759955 84353895
336465782 998898813
89018454 433925856
412776091 855636226
278722862 805750846
635723058 433925856
937477083 330573316
608413784 264095059
412776091 411549675
801979801 317097467
801979801 760313750
861021530 84353895
628175011 411549675
315634021 585990363
628175011 889947177
827336326 632621728
468703135 945117276
511702305 100661312
278722862 709393584
861021530 956297538
914544918 585990363
135497281 264095059
137806862 956297538
511702305 805750846
135497281 998898813
859484421 317097467
184803526 40651432
911759955 264095059
59961392 780695787
859484421 927612902
336465782 918502650
914544918 939819582
911759955 477171086
101513928 374344042
572660336 749698585
369133068 709393584
911759955 918502650
859484421 843993367
726956428 889947177
149798315 474612398
653377372 998898813
521595368 141616123
84420923 749698585
973594323 491705403
278722862 374344042
756898537 548233366
42999170 330573316
827336326 760313750
59961392 491705403
125898166 356426808
369133068 376710096
184803526 927612902
628175011 36140794
424268979 998898813
135497281 749698585
572660336 491705403
278722862 843993367
125898166 749698585
572660336 927612902
572660336 1100543
35005211 1100543
369133068 956297538
521595368 603570492
859484421 760313750
233665123 491705403
914544918 53999930
137806862 975960377
35005211 585990363
84420923 805750846
827336326 945117276
608413784 943947739
149798315 548233366
35005211 141616123
38664368 469348093
101513928 376710096
827336326 927612902
59961392 984210011
608413784 749698585
914544918 709393584
628175011 474612398
861021530 760313750
278722862 603570492
336465782 1100543
278722862 945117276
412776091 632621728
656478041 709393584
861021530 805750846
412776091 749698585
521595368 84353895
38664368 477171086
656478041 100661312
101513928 548233366
973594323 780695787
38664368 918502650
131176228 749698585
125898166 376710096
294702567 100661312
982906996 855636226
608413784 474612398
278722862 998898813
135497281 330573316
756898537 975960377
38664368 610515434
521595368 805750846
914544918 918502650
412776091 889947177
628175011 843993367
635723058 752392754
628175011 975960377
756898537 491705403
412776091 892066600
572660336 939819582
756898537 939819582
861021530 463480570
35005211 998898813
801979801 610515434
861021530 411549675
145174065 603570492
911759955 433925856
827336326 939819582
468703135 433925856
628175011 330573316
468703135 374344042
184803526 141616123
233665123 984210011
572660336 956297538
937477083 53999930
233665123 264095059
129566412 548233366
315634021 632621728
653377372 317097467
973594323 939819582
861021530 984210011
635723058 939819582
937477083 356426808
726956428 603570492
827336326 141616123
131176228 918502650
233665123 749698585
827336326 53999930
294702567 84353895
521595368 463480570
278722862 100661312
656478041 463480570
628175011 376710096
145174065 474612398
89018454 374344042
129566412 927612902
859484421 975960377
131176228 1100543
973594323 463480570
572660336 317097467
42999170 374344042
635723058 945117276
468703135 760313750
278722862 433925856
89018454 317097467
59961392 918502650
233665123 752392754
756898537 376710096
635723058 843993367
734575197 892066600
511702305 610515434
38664368 433925856
628175011 356426808
125898166 1100543
59961392 463480570
369133068 927612902
801979801 330573316
129566412 374344042
135497281 752392754
184803526 264095059
137806862 376710096
369133068 317097467
38664368 141616123
801979801 376710096
424268979 749698585
184803526 474612398
336465782 889947177
233665123 805750846
233665123 843993367
734575197 36140794
59961392 1100543
635723058 469348093
468703135 376710096
369133068 548233366
424268979 1100543
859484421 264095059
101513928 752392754
233665123 760313750
608413784 491705403
35005211 927612902
38664368 411549675
35005211 491705403
756898537 317097467
294702567 356426808
656478041 376710096
336465782 709393584
137806862 463480570
468703135 752392754
572660336 477171086
125898166 760313750
59961392 939819582
911759955 159126504
911759955 411549675
914544918 469348093
315634021 317097467
726956428 469348093
38664368 956297538
38664368 780695787
184803526 36140794
125898166 939819582
982906996 477171086
101513928 1100543
726956428 317097467
861021530 469348093
135497281 843993367
135497281 984210011
233665123 892066600
38664368 463480570
101513928 100661312
572660336 474612398
982906996 752392754
129566412 159126504
149798315 491705403
608413784 411549675
59961392 585990363
125898166 918502650
861021530 927612902
608413784 100661312
412776091 943947739
653377372 159126504
827336326 998898813
35005211 780695787
149798315 330573316
656478041 474612398
35005211 374344042
861021530 780695787
628175011 433925856
982906996 956297538
336465782 463480570
937477083 84353895
827336326 159126504
42999170 805750846
424268979 474612398
137806862 474612398
135497281 36140794
233665123 610515434
859484421 632621728
911759955 889947177
911759955 760313750
656478041 585990363
38664368 53999930
131176228 939819582
336465782 100661312
572660336 100661312
914544918 945117276
35005211 40651432
734575197 40651432
412776091 40651432
84420923 956297538
608413784 805750846
101513928 709393584
125898166 411549675
184803526 709393584
859484421 780695787
369133068 843993367
859484421 84353895
101513928 317097467
511702305 141616123
982906996 474612398
827336326 317097467
424268979 956297538
734575197 474612398
911759955 603570492
233665123 411549675
35005211 709393584
149798315 709393584
294702567 956297538
572660336 709393584
125898166 317097467
911759955 141616123
511702305 463480570
336465782 159126504
131176228 100661312
135497281 632621728
294702567 943947739
233665123 469348093
911759955 752392754
937477083 939819582
911759955 749698585
35005211 939819582
861021530 749698585
635723058 709393584
135497281 1100543
628175011 100661312
468703135 84353895
89018454 463480570
635723058 491705403
937477083 610515434
278722862 1100543
42999170 603570492
653377372 945117276
911759955 632621728
511702305 53999930
726956428 141616123
135497281 100661312
412776091 433925856
511702305 984210011
369133068 374344042
749241873 709393584
734575197 752392754
756898537 469348093
521595368 984210011
628175011 855636226
734575197 491705403
135497281 53999930
572660336 53999930
233665123 956297538
137806862 356426808
982906996 939819582
336465782 317097467
628175011 709393584
131176228 411549675
653377372 632621728
59961392 36140794
149798315 984210011
424268979 330573316
749241873 374344042
635723058 943947739
145174065 632621728
184803526 805750846
749241873 998898813
84420923 374344042
35005211 159126504
38664368 945117276
135497281 159126504
59961392 264095059
129566412 463480570
914544918 40651432
412776091 945117276
628175011 918502650
827336326 610515434
101513928 927612902
911759955 317097467
635723058 918502650
233665123 998898813
756898537 100661312
35005211 317097467
656478041 317097467
129566412 709393584
145174065 548233366
726956428 356426808
135497281 603570492
914544918 356426808
135497281 477171086
468703135 40651432
233665123 376710096
184803526 100661312
914544918 752392754
827336326 411549675
89018454 141616123
914544918 855636226
135497281 709393584
468703135 975960377
129566412 433925856
35005211 956297538
982906996 469348093
278722862 889947177
468703135 805750846
827336326 356426808
511702305 892066600
84420923 892066600
315634021 805750846
184803526 356426808
914544918 749698585
861021530 843993367
982906996 159126504
184803526 1100543
412776091 975960377
756898537 36140794
149798315 477171086
137806862 317097467
294702567 945117276
336465782 356426808
726956428 376710096
42999170 100661312
653377372 433925856
89018454 1100543
129566412 491705403
521595368 491705403
101513928 632621728
911759955 780695787
572660336 943947739
184803526 603570492
801979801 585990363
656478041 927612902
149798315 927612902
294702567 477171086
859484421 709393584
973594323 317097467
914544918 760313750
511702305 998898813
982906996 1100543
424268979 843993367
468703135 585990363
233665123 40651432
937477083 433925856
35005211 945117276
511702305 469348093
521595368 975960377
521595368 752392754
749241873 892066600
184803526 939819582
42999170 918502650
125898166 84353895
726956428 943947739
656478041 610515434
973594323 469348093
756898537 40651432
35005211 356426808
42999170 433925856
628175011 53999930
294702567 998898813
572660336 805750846
42999170 1100543
336465782 945117276
59961392 548233366
468703135 956297538
726956428 159126504
628175011 749698585
827336326 585990363
59961392 945117276
315634021 1100543
827336326 780695787
511702305 927612902
38664368 709393584
511702305 40651432
336465782 53999930
756898537 956297538
38664368 805750846
89018454 889947177
827336326 40651432
137806862 889947177
937477083 411549675
734575197 939819582
608413784 855636226
726956428 984210011
914544918 491705403
233665123 943947739
42999170 491705403
315634021 975960377
521595368 264095059
149798315 780695787
38664368 927612902
801979801 264095059
749241873 474612398
42999170 356426808
511702305 36140794
59961392 956297538
129566412 376710096
656478041 632621728
859484421 943947739
572660336 411549675
801979801 477171086
572660336 752392754
973594323 141616123
656478041 53999930
572660336 376710096
84420923 330573316
149798315 53999930
184803526 159126504
859484421 1100543
653377372 463480570
89018454 709393584
89018454 376710096
749241873 36140794
38664368 892066600
149798315 749698585
412776091 610515434
656478041 469348093
35005211 474612398
101513928 585990363
42999170 998898813
511702305 918502650
369133068 356426808
726956428 477171086
756898537 918502650
973594323 998898813
656478041 945117276
468703135 36140794
973594323 889947177
801979801 780695787
315634021 889947177
184803526 469348093
59961392 760313750
628175011 141616123
369133068 752392754
84420923 411549675
511702305 780695787
859484421 945117276
653377372 843993367
914544918 141616123
184803526 760313750
572660336 356426808
973594323 330573316
749241873 945117276
511702305 945117276
521595368 709393584
937477083 264095059
911759955 855636226
35005211 975960377
521595368 53999930
336465782 474612398
653377372 411549675
59961392 474612398
749241873 780695787
973594323 585990363
129566412 760313750
278722862 53999930
511702305 376710096
145174065 40651432
973594323 760313750
756898537 141616123
608413784 141616123
911759955 585990363
468703135 474612398
911759955 943947739
982906996 84353895
749241873 749698585
511702305 548233366
38664368 330573316
84420923 264095059
653377372 585990363
184803526 749698585
125898166 141616123
859484421 36140794
982906996 709393584
38664368 159126504
424268979 374344042
937477083 548233366
608413784 780695787
278722862 491705403
145174065 100661312
859484421 463480570
149798315 84353895
914544918 548233366
125898166 709393584
801979801 40651432
145174065 760313750
145174065 892066600
84420923 843993367
937477083 805750846
84420923 84353895
656478041 491705403
973594323 100661312
608413784 330573316
35005211 984210011
135497281 474612398
861021530 491705403
511702305 956297538
84420923 632621728
101513928 356426808
827336326 463480570
101513928 892066600
59961392 855636226
914544918 632621728
131176228 752392754
135497281 939819582
726956428 330573316
149798315 760313750
937477083 956297538
726956428 374344042
424268979 53999930
135497281 356426808
973594323 159126504
861021530 945117276
973594323 709393584
521595368 585990363
937477083 474612398
412776091 805750846
294702567 463480570
89018454 918502650
336465782 632621728
89018454 585990363
801979801 889947177
42999170 411549675
859484421 749698585
572660336 843993367
84420923 469348093
801979801 984210011
424268979 376710096
412776091 956297538
89018454 469348093
861021530 374344042
756898537 474612398
628175011 548233366
84420923 855636226
937477083 1100543
653377372 264095059
424268979 548233366
468703135 141616123
315634021 474612398
468703135 780695787
982906996 36140794
973594323 752392754
861021530 892066600
572660336 40651432
294702567 749698585
42999170 477171086
137806862 945117276
412776091 474612398
511702305 159126504
315634021 100661312
749241873 477171086
145174065 36140794
424268979 918502650
628175011 84353895
42999170 317097467
726956428 411549675
653377372 53999930
145174065 1100543
149798315 469348093
859484421 889947177
982906996 141616123
801979801 374344042
145174065 330573316
412776091 53999930
129566412 998898813
35005211 463480570
129566412 585990363
572660336 585990363
521595368 374344042
336465782 548233366
511702305 760313750
131176228 943947739
973594323 374344042
233665123 433925856
59961392 100661312
628175011 956297538
38664368 356426808
973594323 53999930
84420923 752392754
101513928 889947177
101513928 84353895
861021530 376710096
521595368 855636226
628175011 780695787
38664368 843993367
914544918 943947739
336465782 927612902
129566412 752392754
315634021 356426808
369133068 491705403
131176228 356426808
756898537 84353895
42999170 943947739
137806862 1100543
294702567 36140794
336465782 374344042
973594323 927612902
89018454 984210011
982906996 603570492
294702567 491705403
749241873 84353895
129566412 889947177
756898537 433925856
982906996 411549675
859484421 610515434
101513928 975960377
608413784 927612902
801979801 36140794
125898166 855636226
184803526 84353895
914544918 374344042
233665123 603570492
653377372 855636226
982906996 433925856
315634021 433925856
861021530 752392754
129566412 749698585
135497281 585990363
734575197 918502650
749241873 855636226
572660336 36140794
937477083 477171086
521595368 433925856
131176228 603570492
859484421 141616123
424268979 469348093
801979801 159126504
131176228 264095059
278722862 632621728
84420923 40651432
734575197 159126504
973594323 945117276
734575197 53999930
608413784 709393584
369133068 84353895
233665123 356426808
336465782 975960377
149798315 975960377
608413784 998898813
635723058 141616123
756898537 889947177
278722862 984210011
278722862 474612398
412776091 603570492
635723058 330573316
911759955 975960377
859484421 548233366
635723058 463480570
982906996 632621728
59961392 927612902
315634021 918502650
801979801 939819582
656478041 477171086
726956428 945117276
59961392 892066600
42999170 36140794
233665123 53999930
859484421 474612398
233665123 855636226
89018454 159126504
653377372 376710096
135497281 956297538
608413784 317097467
278722862 975960377
749241873 376710096
38664368 943947739
726956428 760313750
424268979 927612902
101513928 159126504
149798315 945117276
145174065 433925856
129566412 477171086
726956428 855636226
137806862 939819582
628175011 477171086
572660336 374344042
315634021 463480570
59961392 159126504
749241873 943947739
628175011 945117276
315634021 330573316
184803526 945117276
137806862 53999930
35005211 100661312
125898166 603570492
42999170 984210011
129566412 939819582
424268979 939819582
628175011 469348093
982906996 585990363
101513928 53999930
734575197 141616123
233665123 945117276
468703135 984210011
756898537 749698585
914544918 376710096
911759955 474612398
84420923 474612398
801979801 356426808
42999170 585990363
145174065 477171086
149798315 411549675
101513928 843993367
336465782 330573316
294702567 1100543
315634021 374344042
827336326 469348093
521595368 632621728
734575197 709393584
369133068 585990363
982906996 975960377
315634021 998898813
726956428 892066600
35005211 264095059
635723058 36140794
412776091 84353895
424268979 433925856
861021530 433925856
608413784 984210011
801979801 141616123
336465782 843993367
468703135 463480570
911759955 356426808
635723058 780695787
336465782 376710096
101513928 433925856
635723058 975960377
861021530 53999930
653377372 927612902
129566412 100661312
982906996 918502650
859484421 330573316
336465782 477171086
914544918 892066600
89018454 491705403
149798315 317097467
628175011 805750846
369133068 477171086
861021530 356426808
911759955 843993367
973594323 956297538
125898166 632621728
315634021 760313750
59961392 603570492
101513928 749698585
38664368 749698585
424268979 709393584
635723058 264095059
859484421 411549675
914544918 159126504
973594323 984210011
38664368 491705403
726956428 780695787
521595368 780695787
149798315 752392754
653377372 603570492
572660336 433925856
653377372 780695787
369133068 433925856
125898166 843993367
749241873 100661312
38664368 760313750
101513928 855636226
726956428 491705403
521595368 40651432
149798315 843993367
89018454 943947739
468703135 927612902
424268979 40651432
137806862 752392754
89018454 855636226
937477083 918502650
129566412 84353895
131176228 709393584
628175011 984210011
35005211 469348093
572660336 469348093
38664368 1100543
911759955 805750846
827336326 491705403
937477083 491705403
412776091 984210011
653377372 36140794
315634021 141616123
861021530 939819582
412776091 760313750
131176228 374344042
278722862 84353895
726956428 752392754
827336326 889947177
278722862 749698585
424268979 603570492
336465782 956297538
315634021 376710096
35005211 411549675
511702305 939819582
131176228 376710096
468703135 843993367
89018454 749698585
861021530 709393584
369133068 943947739
131176228 892066600
861021530 975960377
424268979 892066600
59961392 998898813
911759955 40651432
911759955 548233366
233665123 1100543
131176228 317097467
656478041 1100543
861021530 264095059
184803526 477171086
315634021 469348093
521595368 411549675
59961392 469348093
137806862 943947739
914544918 433925856
608413784 1100543
827336326 892066600
184803526 892066600
336465782 943947739
521595368 36140794
42999170 610515434
35005211 889947177
294702567 927612902
278722862 411549675
859484421 469348093
294702567 40651432
424268979 585990363
129566412 53999930
859484421 491705403
859484421 477171086
131176228 40651432
973594323 40651432
734575197 956297538
137806862 491705403
412776091 159126504
424268979 760313750
149798315 610515434
911759955 53999930
734575197 317097467
827336326 477171086
734575197 855636226
336465782 36140794
937477083 855636226
572660336 918502650
137806862 585990363
521595368 927612902
233665123 889947177
278722862 548233366
937477083 632621728
84420923 943947739
511702305 632621728
734575197 945117276
42999170 159126504
129566412 141616123
911759955 376710096
911759955 892066600
635723058 956297538
937477083 760313750
726956428 463480570
35005211 603570492
749241873 843993367
135497281 927612902
511702305 411549675
336465782 433925856
145174065 469348093
911759955 463480570
635723058 1100543
294702567 843993367
424268979 491705403
131176228 945117276
369133068 474612398
937477083 889947177
424268979 752392754
42999170 264095059
412776091 491705403
129566412 317097467
424268979 141616123
137806862 84353895
84420923 975960377
861021530 632621728
131176228 610515434
336465782 585990363
84420923 356426808
521595368 477171086
35005211 805750846
424268979 889947177
59961392 709393584
369133068 1100543
937477083 100661312
101513928 264095059
653377372 330573316
145174065 843993367
184803526 585990363
278722862 463480570
827336326 805750846
734575197 610515434
